x := [162.16456430965422,170.34546895772564,174.94722782226563,159.60803160713238,157.56280544511458,211.76129873858537,253.1771285194451,239.88315846632963,189.77511749689438,164.20979047167236] y := [166.73115212493022,277.68467141439413,357.9597982735914,302.73869189911176,201.49999687923236,161.1067801793815,171.33291098947032,231.6670827689944,266.94723406380086,271.5489929283408] t := [0,0.1,0.2,0.3,0.4,0.5,0.6,0.7,0.8,0.9] u:= [0,0.077,0.137,0.177,0.21,0.237,0.265,0.307,0.339,0.355,0.371,0.392,0.415,0.431,0.447,0.463,0.479,0.507,0.539,0.571,0.596,0.613,0.629,0.645,0.661,0.677,0.7,0.729,0.753,0.785,0.839,0.9]

x := [315.131361402019,314.2205208202463,310.57715849315537,318.77472372910995] y := [178.20069513858883,235.58365179027118,304.80753600499906,323.93518822222654] t := [0,0.25,0.5,0.75] u:= [0,0.1775,0.265,0.4025,0.4825,0.5975,0.75]

x := [319.2301440199963,335.16985420101923,338.3577962372238,341.090317982542] y := [323.93518822222654,284.31362291511255,256.07756488015775,244.23663731711216] t := [0,0.25,0.5,0.75] u:= [0,0.1925,0.285,0.5825,0.75]

x := [341.090317982542,397.5624340524516,427.6201732509519,430.3526949962701,423.0659703420882] y := [243.7812170262258,318.92556502247646,304.3521157141127,218.2776807365892,188.6753618289753] t := [0,0.2,0.4,0.6,0.8] u:= [0,0.062,0.126,0.158,0.196,0.238,0.298,0.334,0.392,0.43,0.462,0.522,0.586,0.638,0.738,0.8]

x := [422.6105500512018,420.78886888765635,421.6997094694291] y := [188.6753618289753,200.97170968290723,210.9909560824073] t := [0,0.3333333333333333,0.6666666666666666] u:= [0,0.3,0.6667]

x := [492.2268091992428,498.1773424857647,500.49143876385654,496.5244165728419] y := [216.23586074422005,205.65713490151433,196.40074978914683,188.7972905897021] t := [0,0.25,0.5,0.75] u:= [0,0.3775,0.525,0.75]

x := [496.1938313902574,469.7470167834931,469.4164316009086,517.3512830756688,561.3191123594144,547.4345346908632,522.3100608144371,522.6406459970217] y := [187.80553504194845,224.83107549141843,286.3199194521453,317.39492661509337,280.0388009830388,188.46670540711756,191.44197205037852,204.66537935376067] t := [0,0.125,0.25,0.375,0.5,0.625,0.75,0.875] u:= [0,0.0388,0.0788,0.125,0.1688,0.2063,0.2263,0.2463,0.2688,0.2888,0.3088,0.3463,0.3675,0.39,0.4263,0.4463,0.4663,0.4863,0.5138,0.5337,0.5513,0.5713,0.5888,0.6113,0.6388,0.6587,0.6838,0.7238,0.7963,0.875]

x := [644.6265783707219,717.6859037219082] y := [259.5425196627965,249.62496418525993] t := [0,0.5] u:= [0,0.235,0.5]

x := [669.7510522471479,676.0321707162544,681.6521188201918] y := [216.5664459268046,253.26140119369,276.0717787920242] t := [0,0.3333333333333333,0.6666666666666666] u:= [0,0.3167,0.6667]

x := [842.9776879214538,771.9018736657749] y := [234.41804578637047,232.7651198734477] t := [0,0.5] u:= [0,0.46,0.5]

x := [770.9101181180213,783.4723550562343,804.6298067416457] y := [233.75687542120136,251.2778900981827,266.1542233144876] t := [0,0.3333333333333333,0.6666666666666666] u:= [0,0.1433,0.3333,0.4833,0.6667]

x := [804.2992215590612,797.3569327247855,798.6792734551237] y := [265.1624677667339,234.748630968955,205.32654971892978] t := [0,0.3333333333333333,0.6666666666666666] u:= [0,0.2167,0.3167,0.47,0.6667]

x := [1041.7629828769873,1060.6126191333492,1083.0384499718712] y := [218.44247255415073,220.718172663541,220.71817266423366] t := [0,0.3333333333333333,0.6666666666666666] u:= [0,0.2167,0.4633,0.6667]

x := [1059.6375830085994,1068.0878960786697] y := [260.3696416853333,146.2904152393827] t := [0,0.5] u:= [0,0.425,0.5]

x := [1068.7379201609829,1059.6375830085994] y := [146.2904152393827,162.86602933836699] t := [0,0.5] u:= [0,0.095,0.5]

x := [1117.8147383756227,1114.2396059229004,1106.439316935143,1092.788811206568,1100.9141122354818,1139.9155571742683,1156.166159232096,1146.4157979973993,1136.0154126803895,1129.190159816102] y := [222.668244911173,214.86795592341568,215.19296796457223,231.44357002239997,254.19441290335877,253.54438882104566,227.5434255285213,203.49253448293626,200.24241407137075,210.64279938838047] t := [0,0.1,0.2,0.3,0.4,0.5,0.6,0.7,0.8,0.9] u:= [0,0.081,0.161,0.227,0.288,0.327,0.359,0.399,0.441,0.473,0.507,0.545,0.577,0.614,0.641,0.703,0.751,0.806,0.9]

x := [1233.8440370685125,1242.944374220896] y := [213.56790775878946,208.69272714144114] t := [0,0.5] u:= [0,0.325,0.5]

x := [1242.944374220896,1244.8944464678352,1250.09463912634] y := [208.36771510028458,225.91836532273854,238.9188469690007] t := [0,0.3333333333333333,0.6666666666666666] u:= [0,0.3767,0.6667]

x := [1250.09463912634,1262.1200846491329,1270.8954097603596,1278.0456746658037] y := [238.59383492784414,222.01822082885988,206.0926308121887,203.49253448293626] t := [0,0.25,0.5,0.75] u:= [0,0.255,0.4225,0.5875,0.75]

x := [1279.0207107892736,1282.270831200839,1291.3711683532226] y := [204.14255856524937,226.2433773638951,240.86891921594002] t := [0,0.3333333333333333,0.6666666666666666] u:= [0,0.2033,0.38,0.6667]

x := [1313.1469751107118,1316.7221075634338,1315.4220593988075] y := [222.01822082885988,211.61783551185013,202.19248631831005] t := [0,0.3333333333333333,0.6666666666666666] u:= [0,0.23,0.6667]

x := [1315.097047357651,1301.446541629076,1309.8968546991464,1332.3226855389485,1332.9727096212616] y := [202.19248631831005,223.64328103464265,240.54390717478347,232.41860614586963,207.39267897681492] t := [0,0.2,0.4,0.6,0.8] u:= [0,0.13,0.21,0.314,0.4,0.474,0.55,0.596,0.678,0.8]

x := [1334.5977698270444,1348.8982996379327,1370.9991184365786,1379.1244194654923] y := [223.64328103464265,233.39364226933927,227.5434255285213,206.0926308121887] t := [0,0.25,0.5,0.75] u:= [0,0.1975,0.3125,0.4275,0.4975,0.5925,0.75]

x := [1379.1244194654923,1366.4489498603866,1364.823889654604] y := [208.69272714144114,294.4959060067715,332.5223148220884] t := [0,0.3333333333333333,0.6666666666666666] u:= [0,0.21,0.3267,0.4633,0.6667]

x := [1386.2746843709365,1392.7749251940677,1398.9501539760422] y := [181.71672772544713,182.6917638489168,186.2668963016389] t := [0,0.3333333333333333,0.6666666666666666] u:= [0,0.2767,0.6667]

x := [1425.6011413508795,1410.000563375365,1416.1757921573394,1449.0020083141515,1463.952562207353,1461.3524658781007] y := [167.7412099557153,222.34323287001644,250.61928045063667,249.31923228601045,222.99325695232955,209.0177391825977] t := [0,0.16666666666666666,0.3333333333333333,0.5,0.6666666666666666,0.8333333333333334] u:= [0,0.105,0.1683,0.2417,0.2817,0.33,0.3783,0.4183,0.4583,0.5033,0.5583,0.6083,0.6883,0.8333]

x := [1460.7024417957873,1453.5521768903432,1446.7269240260557,1450.6270685199343,1464.602586289666,1476.303019771302] y := [208.36771510028458,206.41764285334526,215.84299204688534,240.86891921594002,258.0945573972374,261.6696898499595] t := [0,0.16666666666666666,0.3333333333333333,0.5,0.6666666666666666,0.8333333333333334] u:= [0,0.17,0.275,0.3817,0.4983,0.5883,0.7217,0.8333]

x := [1506.204127557705,1501.3289469403567,1502.3039830638263,1489.6285134587208,1485.728368964842,1522.7797416566893] y := [214.54294388225912,275.3201955785348,304.5712792826247,308.14641173534676,288.97070130711006,210.96781142953702] t := [0,0.16666666666666666,0.3333333333333333,0.5,0.6666666666666666,0.8333333333333334] u:= [0,0.0483,0.1317,0.1917,0.2883,0.35,0.4583,0.5517,0.6217,0.6783,0.7383,0.8333]

x := [1523.1047536978458,1530.9050426856033,1539.68036779683,1539.3553557556736,1520.5046573685936] y := [209.99277530606736,205.11759468871904,213.2428957176329,237.94381084553103,250.2942684094801] t := [0,0.2,0.4,0.6,0.8] u:= [0,0.174,0.338,0.442,0.498,0.608,0.678,0.8]

x := [1554.305909648875,1562.7562227189455,1563.7312588424152] y := [204.14255856524937,228.84347369314753,240.86891921594002] t := [0,0.3333333333333333,0.6666666666666666] u:= [0,0.3567,0.6667]

x := [1563.4062468012587,1566.0063431305111,1576.0817164063642,1604.682776028141,1626.7835948267866] y := [236.6437626809048,205.11759468871904,198.61735386558797,206.41764285334526,211.9428475530067] t := [0,0.2,0.4,0.6,0.8] u:= [0,0.11,0.216,0.282,0.422,0.662,0.8]

x := [1627.4336189091,1605.982824192767,1605.982824192767,1631.3337634029785,1654.0846062839373] y := [211.9428475530067,232.41860614586963,249.96925636832356,247.69417208022767,203.81754652409282] t := [0,0.2,0.4,0.6,0.8] u:= [0,0.11,0.212,0.302,0.4,0.454,0.518,0.59,0.674,0.738,0.8]

x := [1654.0846062839373,1654.409618325094,1671.6352565063912,1691.1359789757844] y := [203.49253448293626,219.0931124584509,219.743136540764,195.04222141286587] t := [0,0.25,0.5,0.75] u:= [0,0.1625,0.255,0.3625,0.4425,0.51,0.5925,0.75]

x := [1690.810966934628,1693.736075305037,1692.111015099254] y := [195.04222141286587,261.0196657676464,386.1493016129198] t := [0,0.3333333333333333,0.6666666666666666] u:= [0,0.23,0.3267,0.43,0.6667]

x := [138.17632181242698,147.32228047801152,146.6187451960435] y := [551.6871062903374,635.4078048445347,694.5047685298505] t := [0,0.3333333333333333,0.6666666666666666] u:= [0,0.19,0.3333,0.4633,0.6667]

x := [161.3929861173724,164.5588948862286] y := [496.81135429682985,523.1939273706315] t := [0,0.5] u:= [0,0.335,0.5]

x := [146.6187451960435,150.1364216058837] y := [694.5047685298505,692.0423950429622] t := [0,0.5] u:= [0,0.235,0.5]

x := [178.62960052558958,191.29323560101432,208.88161765021545,207.12277944529535,193.75560908790249,181.09197401247764,185.66495334526996,213.45459698300772] y := [578.421447005123,585.4567998248035,577.717911723155,560.8330649559219,554.8530150591936,573.1449323903627,590.7333144395639,602.3416465920366] t := [0,0.125,0.25,0.375,0.5,0.625,0.75,0.875] u:= [0,0.0713,0.1463,0.1987,0.235,0.2913,0.3712,0.4513,0.5088,0.5588,0.6213,0.6988,0.7463,0.8188,0.875]

x := [214.1581322649758,207.47454708627936,211.69575877808762,220.48994980268822] y := [601.6381113100686,616.0605845904134,623.447705051078,622.7441697691099] t := [0,0.25,0.5,0.75] u:= [0,0.2125,0.3475,0.4825,0.75]

x := [231.04297903220885,248.98312872239399,270.08918718143536,260.94322851585076,265.51620784864303] y := [554.5012474182095,562.9436708018261,569.9790236215065,598.4722025412123,609.376999411717] t := [0,0.2,0.4,0.6,0.8] u:= [0,0.138,0.306,0.386,0.474,0.6,0.678,0.8]

x := [266.2197431306111,284.15989282079624,298.9341337421252,299.9894366650773] y := [609.376999411717,598.8239701821964,576.6626088002029,565.0542766477301] t := [0,0.25,0.5,0.75] u:= [0,0.1575,0.245,0.3625,0.4925,0.5775,0.75]

x := [298.9341337421252,296.119992614253,301.39650722901337,326.72377737986295,335.86973604544755] y := [563.2954384428101,572.7931647493787,586.1603351067715,577.014376441187,561.53660023789] t := [0,0.2,0.4,0.6,0.8] u:= [0,0.242,0.338,0.42,0.494,0.6,0.674,0.8]

x := [334.1108978405274,328.13084794379904,333.4073625585594,332.0002919946233] y := [565.0542766477301,610.7840699756531,663.5492161232564,678.3234570445854] t := [0,0.25,0.5,0.75] u:= [0,0.1575,0.2475,0.3525,0.5675,0.75]

x := [357.3275621454729,355.9204915815368,365.4182178881054] y := [511.9373628591428,572.4413971083947,593.195687926452] t := [0,0.3333333333333333,0.6666666666666666] u:= [0,0.15,0.3,0.4633,0.6667]

x := [365.4182178881054,383.7101352192746,384.7654381422266] y := [593.89922320842,563.6472060837941,542.8929152657367] t := [0,0.3333333333333333,0.6666666666666666] u:= [0,0.1367,0.2767,0.39,0.55,0.6667]

x := [384.4136705012426,381.95129701435445,395.3184673717473,410.09270829307627] y := [542.8929152657367,562.9436708018261,579.4767499280752,584.0497292608674] t := [0,0.25,0.5,0.75] u:= [0,0.1525,0.3025,0.4225,0.5375,0.75]

x := [598.2883962195283,598.2883962195283,601.4543049883845] y := [562.9436708018261,553.7977121362414,545.0035211116409] t := [0,0.3333333333333333,0.6666666666666666] u:= [0,0.4433,0.6667]

x := [601.8060726293685,613.7661724228252,610.600263653969] y := [544.2999858296729,613.5982111035253,666.3633572511287] t := [0,0.3333333333333333,0.6666666666666666] u:= [0,0.15,0.2367,0.3433,0.4633,0.6667]

x := [610.600263653969,598.9919315014963,629.2439486261222] y := [666.0115896101446,630.8348255117423,547.1141269575451] t := [0,0.3333333333333333,0.6666666666666666] u:= [0,0.1033,0.21,0.2633,0.33,0.4033,0.51,0.6667]

x := [629.2439486261222,636.2793014458027,650.7017747261476,657.385359904844,651.7570776490996] y := [546.058824034593,540.4305417788487,546.7623593165611,578.421447005123,590.3815467985798] t := [0,0.2,0.4,0.6,0.8] u:= [0,0.11,0.294,0.402,0.474,0.546,0.674,0.8]

x := [651.0535423671316,651.7570776490996,673.214903749125,687.6373770294699] y := [590.7333144395639,579.1249822870911,550.9835710083693,548.1694298804971] t := [0,0.25,0.5,0.75] u:= [0,0.1575,0.255,0.3375,0.4475,0.5875,0.75]

x := [687.9891446704539,685.1750035425817,685.8785388245499] y := [548.5211975214811,573.8484676723308,585.8085674657875] t := [0,0.3333333333333333,0.6666666666666666] u:= [0,0.3067,0.6667]

x := [685.8785388245499,697.4868709770226,706.6328296426071] y := [586.5121027477555,555.5565503411616,551.3353386493534] t := [0,0.3333333333333333,0.6666666666666666] u:= [0,0.1967,0.3033,0.4567,0.6667]

x := [752.3626229705301,748.1414112787218,759.3979757902105,769.5992373787471,760.4532787131626,736.533079126249,729.1459586655845,740.0507555360892,752.0108553295461] y := [555.5565503411616,543.5964505477048,537.2646330099924,559.0742267510018,578.069679364139,580.8838204920112,562.240135519858,542.8929152657367,554.1494797772255] t := [0,0.1111111111111111,0.2222222222222222,0.3333333333333333,0.4444444444444444,0.5555555555555556,0.6666666666666666,0.7777777777777778,0.8888888888888888] u:= [0,0.0767,0.1456,0.1856,0.2311,0.2744,0.3411,0.3967,0.4356,0.4922,0.5278,0.5722,0.5989,0.6567,0.6967,0.7411,0.7722,0.8144,0.8889]

x := [800.9065574263252,797.0371133755009,790.3535281968045,781.5593371722039,784.3734783000762,807.9419102460056,819.9020100394623,825.1785246542227] y := [546.7623593165611,536.5610977280244,537.9681682919604,552.3906415723054,573.8484676723308,571.7378618264266,558.3706914690338,534.0987242411362] t := [0,0.125,0.25,0.375,0.5,0.625,0.75,0.875] u:= [0,0.1063,0.1888,0.2688,0.3363,0.4138,0.4713,0.505,0.5613,0.6463,0.7212,0.7837,0.875]

x := [824.1232217312706,818.8467071165103,826.5855952181588] y := [537.9681682919604,611.4876052576211,653.3479545347197] t := [0,0.3333333333333333,0.6666666666666666] u:= [0,0.1967,0.3267,0.4433,0.55,0.6667]

x := [826.9373628591428,855.0787741378646,875.1295296739538] y := [653.3479545347197,577.717911723155,539.0234712149125] t := [0,0.3333333333333333,0.6666666666666666] u:= [0,0.2033,0.3233,0.49,0.6667]

x := [875.1295296739538,878.6472060837941,875.4812973149379] y := [539.3752388558966,557.6671561870658,579.8285175690592] t := [0,0.3333333333333333,0.6666666666666666] u:= [0,0.3367,0.6667]

x := [876.184832596906,903.2709409526757] y := [579.8285175690592,534.0987242411362] t := [0,0.5] u:= [0,0.255,0.5]

x := [903.9744762346437,908.547455567436] y := [533.3951889591682,537.9681682919604] t := [0,0.5] u:= [0,0.205,0.5]

x := [934.2264933592696,923.3216964887649,904.6780115166117,907.8439202854679,932.8194227953336,940.558310896982,942.6689167428862] y := [539.0234712149125,533.3951889591682,552.7424092132894,573.4967000313468,571.0343265444585,556.6118532641136,536.9128653690084] t := [0,0.14285714285714285,0.2857142857142857,0.42857142857142855,0.5714285714285714,0.7142857142857143,0.8571428571428571] u:= [0,0.0643,0.1243,0.1929,0.2686,0.3157,0.3529,0.41,0.4586,0.49,0.5557,0.61,0.6929,0.8571]

x := [942.6689167428862,947.9454313576465,964.4785104838955] y := [536.9128653690084,565.7578119296983,581.2355881329952] t := [0,0.3333333333333333,0.6666666666666666] u:= [0,0.11,0.27,0.3733,0.55,0.6667]

x := [989.1022453527771,988.0469424298251,992.9716894036014] y := [539.3752388558966,560.1295296739538,567.1648824936343] t := [0,0.3333333333333333,0.6666666666666666] u:= [0,0.2033,0.43,0.6667]

x := [993.3234570445854,1000.7105775052498,1007.7459303249303] y := [567.1648824936343,555.9083179821456,546.7623593165611] t := [0,0.3333333333333333,0.6666666666666666] u:= [0,0.3567,0.6667]

x := [1007.7459303249303,1022.5201712462592,1037.6461798085722] y := [545.3552887526249,553.7977121362414,549.9282680854172] t := [0,0.3333333333333333,0.6666666666666666] u:= [0,0.29,0.49,0.6667]

x := [1036.9426445266042,1046.440370833173,1062.6216823184377] y := [550.2800357264013,561.53660023789,566.4613472116663] t := [0,0.3333333333333333,0.6666666666666666] u:= [0,0.3067,0.45,0.6667]

x := [1081.265367290591,1079.5065290856708,1073.5264791889424,1065.084055805326,1072.4711762659904,1102.3714257496322,1115.3868284660412,1109.0550109283288,1094.6325376479838,1089.7077906742074,1098.150214057824] y := [556.2600856231296,548.8729651624651,547.1141269575451,561.53660023789,576.3108411592189,575.9590735182348,558.7224591100178,540.0787741378646,538.3199359329444,551.6871062903373,560.1295296739538] t := [0,0.09090909090909091,0.18181818181818182,0.2727272727272727,0.36363636363636365,0.45454545454545453,0.5454545454545454,0.6363636363636364,0.7272727272727273,0.8181818181818182,0.9090909090909091] u:= [0,0.1209,0.1727,0.2336,0.2755,0.3227,0.3555,0.3991,0.4245,0.4618,0.4845,0.5191,0.5755,0.6045,0.65,0.6918,0.7273,0.7864,0.85,0.9091]

x := [1121.0151107217855,1126.9951606185139,1135.4375840021303] y := [554.5012474182095,543.2446829067208,535.8575624460564] t := [0,0.3333333333333333,0.6666666666666666] u:= [0,0.4233,0.6667]

x := [1136.4928869250825,1131.5681399513062,1132.6234428742582] y := [535.8575624460564,554.5012474182095,563.9989737247781] t := [0,0.3333333333333333,0.6666666666666666] u:= [0,0.2933,0.6667]

x := [1131.9199075922902,1152.3224307693636,1158.302480666092] y := [563.9989737247781,549.9282680854172,547.1141269575451] t := [0,0.3333333333333333,0.6666666666666666] u:= [0,0.3467,0.6667]

x := [1158.654248307076,1176.946165638245,1191.720406559574,1195.238082969414,1188.5544977907177] y := [547.4658945985291,565.4060442887142,564.7025090067461,550.2800357264013,536.5610977280244] t := [0,0.2,0.4,0.6,0.8] u:= [0,0.122,0.23,0.294,0.384,0.538,0.678,0.8]

x := [1231.8219176317525,1224.7865648120721,1206.8464151218868,1209.308788608775,1227.9524735809282,1247.6514614760335] y := [540.7823094198326,537.9681682919604,546.7623593165611,562.591903160842,563.6472060837941,535.5057948050724] t := [0,0.16666666666666666,0.3333333333333333,0.5,0.6666666666666666,0.8333333333333334] u:= [0,0.1417,0.235,0.3167,0.4017,0.4717,0.5517,0.6317,0.6733,0.7483,0.8333]

x := [1248.0032291170176,1244.8373203481615,1262.7774700383466,1282.8282255744357,1292.3259518810044] y := [536.9128653690084,555.2047827001775,560.8330649559219,544.6517534706569,531.988118395232] t := [0,0.2,0.4,0.6,0.8] u:= [0,0.146,0.192,0.302,0.37,0.458,0.542,0.8]

x := [1292.6777195219884,1290.5671136760843,1302.175445828557,1314.8390809039818,1324.3368072105504] y := [533.7469566001522,551.6871062903373,555.5565503411616,546.7623593165611,534.8022595231042] t := [0,0.2,0.4,0.6,0.8] u:= [0,0.176,0.278,0.4,0.49,0.622,0.8]

x := [1324.6885748515344,1321.5226660826784,1321.8744337236622,1327.8544836203905] y := [537.6164006509764,553.0941768542734,557.6671561870658,564.3507413657621] t := [0,0.25,0.5,0.75] u:= [0,0.3325,0.75]

x := [1354.588824335176,1343.6840274646715,1344.7393303876233,1355.292359617144] y := [529.8775125493279,555.5565503411615,567.1648824936342,563.998973724778] t := [0,0.25,0.5,0.75] u:= [0,0.1875,0.3825,0.515,0.75]

x := [1374.6395798712651,1374.9913475122494,1371.121903461425] y := [513.6962010640628,524.6009979345675,537.2646330099924] t := [0,0.3333333333333333,0.6666666666666666] u:= [0,0.39,0.6667]

x := [1398.5597794581788,1391.5244266384984,1373.9360445892971,1377.1019533581534,1399.6150823811308,1410.1681116106515,1412.9822527385236] y := [535.1540271640882,531.636350754248,547.465894598529,562.2401355198579,561.5366002378898,549.2247328034491,536.2093300870403] t := [0,0.14285714285714285,0.2857142857142857,0.42857142857142855,0.5714285714285714,0.7142857142857143,0.8571428571428571] u:= [0,0.09,0.1957,0.2614,0.3243,0.37,0.4357,0.5157,0.5657,0.6214,0.7557,0.8571]

x := [1413.6857880204916,1417.555232071316,1432.681240633629] y := [536.9128653690084,558.0189238280497,569.2754883395384] t := [0,0.3333333333333333,0.6666666666666666] u:= [0,0.21,0.3333,0.53,0.6667]

x := [1574.795367591174,1585.7001644616785] y := [540.4305417788486,540.7823094198326] t := [0,0.5] u:= [0,0.285,0.5]

x := [1568.4635500534614,1578.664811641998] y := [510.17852465422266,508.7714540902865] t := [0,0.5] u:= [0,0.465,0.5]

x := [1596.6049613321834,1608.916828766624,1614.8968786633523] y := [525.3045332165356,520.3797862427593,523.8974626525995] t := [0,0.3333333333333333,0.6666666666666666] u:= [0,0.2167,0.47,0.6667]

x := [1638.113542968298,1650.0736427617546,1635.6511694814099] y := [483.4441839394369,533.3951889591681,567.5166501346182] t := [0,0.3333333333333333,0.6666666666666666] u:= [0,0.1833,0.2567,0.37,0.45,0.5567,0.6667]

